9610 10390
accuracy = 0.9249278152069298 
score =28991/31170=0.930093038177735
partial score
city_score =9699
district_score =9682
ward_score =9610
street_score =9610
