8330 8916
sagel_error272
accuracy = 0.9342754598474652 
score =26007/26748=0.9722969941677883
partial score
city_score =8860
district_score =8817
ward_score =8330
street_score =8330
