269 300
accuracy = 0.8966666666666666 
score =840/900=0.9333333333333333
partial score
city_score =288
district_score =283
ward_score =269
street_score =269
